17300	13
17302	14
17304	17
17306	13
17308	13
17310	13
17312	13
17314	13
17316	13
17318	13
17320	11
17322	11
17324	13
17326	13
17328	13
17330	13
5306	13
17332	12
17340	13
17342	13
17344	13
17346	13
17348	13
17350	13
17352	13
17354	13
17356	13
17358	13
17360	13
17362	13
17364	13
17366	13
17368	13
17370	13
17372	13
17374	13
17376	13
17378	13
17380	13
17382	13
17384	13
17386	13
17388	13
17390	13
17392	13
17394	13
17396	13
17398	13
17400	13
17402	13
17404	13
17406	13
17408	13
7309	13
8306	13
6306	13
